x=46.8053188225064
y=76.44922456042013
r=270.0